[gd_scene load_steps=3 format=3 uid="uid://cakdpl6pio6pi"]

[ext_resource type="PackedScene" uid="uid://cvnok5ear38sk" path="res://example/ikcc_player/ikcc_player.tscn" id="1_ig7tw"]

[sub_resource type="BoxShape3D" id="BoxShape3D_ig7tw"]

[node name="Main" type="Node3D"]

[node name="CSGBox3D" type="CSGBox3D" parent="."]
use_collision = true
size = Vector3(20.7048, 0.20874, 23.9307)

[node name="CSGBox3D2" type="CSGBox3D" parent="."]
transform = Transform3D(1, 0, 0, 0, 1, 0, 0, 0, 1, 2.05511, 0.426679, 6.99904)
use_collision = true
size = Vector3(5.11023, 0.241211, 3.01379)

[node name="CSGBox3D3" type="CSGBox3D" parent="."]
transform = Transform3D(0.618655, -0.642577, -0.452063, 0.735321, 0.676217, 0.0451019, 0.276711, -0.360314, 0.890845, -4.25914, 0.613007, -0.981327)
use_collision = true

[node name="CSGBox3D4" type="CSGBox3D" parent="."]
transform = Transform3D(0.083731, -0.378684, -0.921731, 0.777051, 0.603888, -0.177513, 0.623844, -0.701369, 0.344821, 6.80269, 3.35702, -8.98726)
use_collision = true
size = Vector3(1, 5.34814, 0.356445)

[node name="Player" parent="." instance=ExtResource("1_ig7tw")]
transform = Transform3D(1, 0, 0, 0, 1, 0, 0, 0, 1, 0, 2.18496, 0)

[node name="DirectionalLight3D" type="DirectionalLight3D" parent="."]
transform = Transform3D(0.930815, -0.134226, 0.339951, 0.0432944, 0.964067, 0.262108, -0.362917, -0.229256, 0.90318, 0, 3.93485, 3.68024)
shadow_enabled = true

[node name="RigidBody3D" type="RigidBody3D" parent="."]
transform = Transform3D(1, 0, 0, 0, 1, 0, 0, 0, 1, 0, 0.818645, -5.15256)

[node name="CSGBox3D" type="CSGBox3D" parent="RigidBody3D"]

[node name="CollisionShape3D" type="CollisionShape3D" parent="RigidBody3D"]
shape = SubResource("BoxShape3D_ig7tw")
